january 14 16 15 10 13 16 12 13 65 45 12 31 10 10 12 45 23 23 13 12 75 65 12 26 17 19 20 21 23 25
februry 65 45 12 31 11 10 13 45 26 23 23 21 20 20 25 26 27 28 28 29 27 28 26 19 19 17 18 19 20 21
march 28 28 29 27 28 23 24 25 26 27 28 29 30 31 32 33 21 23 36 35 35 36 34 31 32 32 32 31 36 37
april 27 28 29 30 31 32 31 45 12 31 0 10 12 45 25 26 27 28 29 32 21 23 36 35 35 36 21 23 36 35
may 25 26 27 28 29 32 28 23 24 25 26 27 13 65 45 12 31 21 23 36 35 35 36 21 23 36 35 35 36 28
june 27 28 29 32 28 23 24 25 26 27 13 65 45 12 31 21 23 36 35 35 36 10 13 45 26 23 23 21 20 20
july 11 10 13 45 26 23 23 21 20 20 25 26 27 28 28 29 27 28 26 19 19 17 18 19 12 31 21 23 36 35 
august 21 23 36 35 35 36 34 31 32 32 32 31 36 37 28 26 19 19 17 18 19 28 26 19 19 17 18 19 16 18
september 36 35 35 36 10 13 45 26 23 23 21 20 20 37 28 26 19 19 17 18 19 28 37 28 26 19 19 17 18 19
october 25 26 27 28 29 32 28 23 24 25 26 27 13 65 45 12 31 21 23 36 35 35 36 21 23 36 35 35 36 28
november 27 28 29 32 28 23 24 25 26 27 13 65 45 12 31 21 23 36 35 35 36 10 13 45 26 23 23 21 20 20
december  23 36 35 35 36 10 13 45 26 23 23 21 20 20 27 28 29 32 28 23 24 25 26 27 13 65 45 12 15 16
